1749	-1.
1749	-1.
1749	-1.
1749	-1.
1749	-1.
1749	-1.
1749	135.9
1749	137.9
1749	140.2
1749	143.8
1749	146.4
1749	147.9
1750	148.4
1750	150.3
1750	153.9
1750	154.3
1750	147.
1750	139.7
1750	138.8
1750	136.3
1750	131.
1750	125.7
1750	121.5
1750	116.
1751	111.3
1751	106.9
1751	99.2
1751	91.6
1751	86.2
1751	81.6
1751	77.
1751	75.
1751	77.3
1751	79.2
1751	79.4
1751	78.5
1752	78.6
1752	77.3
1752	75.5
1752	77.3
1752	79.6
1752	79.9
1752	80.3
1752	79.7
1752	76.7
1752	73.4
1752	70.3
1752	68.1
1753	63.6
1753	60.4
1753	61.1
1753	59.7
1753	57.
1753	53.4
1753	48.1
1753	43.
1753	37.9
1753	33.2
1753	30.4
1753	29.
1754	28.5
1754	26.4
1754	23.2
1754	21.7
1754	21.2
1754	20.5
1754	21.1
1754	22.3
1754	23.3
1754	23.1
1754	21.2
1754	17.9
1755	15.3
1755	14.
1755	14.
1755	14.7
1755	14.2
1755	14.8
1755	16.1
1755	16.
1755	15.6
1755	15.7
1755	16.8
1755	18.5
1756	19.1
1756	19.
1756	18.8
1756	17.7
1756	17.7
1756	17.7
1756	17.1
1756	18.2
1756	20.6
1756	23.5
1756	26.7
1756	28.5
1757	29.9
1757	34.6
1757	39.6
1757	42.8
1757	47.4
1757	52.4
1757	55.7
1757	59.5
1757	63.2
1757	67.7
1757	71.2
1757	74.
1758	77.6
1758	78.
1758	78.7
1758	80.7
1758	79.5
1758	78.7
1758	80.1
1758	80.3
1758	79.6
1758	77.6
1758	76.1
1758	76.6
1759	77.4
1759	80.2
1759	83.5
1759	86.
1759	87.8
1759	89.
1759	91.3
1759	93.7
1759	96.7
1759	99.4
1759	101.8
1759	103.3
1760	104.2
1760	105.5
1760	104.7
1760	103.
1760	103.3
1760	104.5
1760	105.
1760	107.3
1760	109.9
1760	111.3
1760	114.7
1760	120.7
1761	126.1
1761	129.2
1761	133.
1761	138.4
1761	143.1
1761	144.1
1761	141.3
1761	138.2
1761	134.5
1761	131.3
1761	125.8
1761	119.6
1762	113.8
1762	108.
1762	104.2
1762	100.6
1762	98.4
1762	99.7
1762	102.8
1762	100.8
1762	97.2
1762	94.5
1762	92.1
1762	88.8
1763	87.3
1763	85.9
1763	83.
1763	81.3
1763	78.6
1763	76.3
1763	75.4
1763	77.6
1763	79.9
1763	80.4
1763	81.3
1763	81.7
1764	79.7
1764	78.2
1764	75.7
1764	71.7
1764	68.
1764	63.1
1764	58.1
1764	53.3
1764	49.9
1764	48.
1764	45.4
1764	43.1
1765	42.2
1765	41.9
1765	41.1
1765	39.2
1765	37.4
1765	35.7
1765	34.
1765	32.1
1765	31.9
1765	31.6
1765	30.9
1765	30.2
1766	27.4
1766	24.
1766	21.4
1766	19.9
1766	18.7
1766	18.6
1766	20.1
1766	22.5
1766	24.2
1766	26.6
1766	28.6
1766	30.9
1767	34.3
1767	38.2
1767	43.4
1767	48.8
1767	54.9
1767	60.7
1767	64.9
1767	69.2
1767	71.9
1767	72.8
1767	76.8
1767	83.2
1768	88.4
1768	92.4
1768	96.4
1768	101.
1768	105.8
1768	112.4
1768	117.8
1768	119.1
1768	120.2
1768	125.2
1768	128.7
1768	129.6
1769	135.4
1769	143.7
1769	152.5
1769	163.2
1769	172.8
1769	176.8
1769	178.9
1769	186.4
1769	193.
1769	190.9
1769	187.5
1769	186.5
1770	185.1
1770	184.9
1770	182.2
1770	175.3
1770	170.4
1770	168.7
1770	163.3
1770	151.9
1770	142.9
1770	141.5
1770	148.2
1770	156.5
1771	156.1
1771	148.4
1771	143.5
1771	142.3
1771	139.1
1771	136.4
1771	140.5
1771	148.1
1771	150.1
1771	150.9
1771	144.8
1771	132.5
1772	128.9
1772	129.4
1772	125.7
1772	121.4
1772	117.9
1772	113.
1772	107.6
1772	100.1
1772	97.2
1772	94.5
1772	90.6
1772	88.8
1773	83.4
1773	76.9
1773	72.4
1773	67.3
1773	62.3
1773	59.4
1773	57.4
1773	59.4
1773	62.2
1773	63.3
1773	64.8
1773	65.5
1774	64.8
1774	63.7
1774	61.8
1774	59.4
1774	56.9
1774	53.2
1774	48.1
1774	40.6
1774	33.
1774	27.7
1774	22.1
1774	17.7
1775	15.4
1775	14.4
1775	14.1
1775	13.2
1775	12.5
1775	12.
1775	12.9
1775	14.9
1775	15.3
1775	15.7
1775	16.9
1775	17.9
1776	18.4
1776	19.5
1776	21.5
1776	24.1
1776	27.2
1776	30.8
1776	34.7
1776	38.
1776	42.
1776	49.4
1776	59.3
1776	68.4
1777	79.2
1777	91.8
1777	104.9
1777	117.1
1777	130.2
1777	146.
1777	163.4
1777	177.6
1777	189.3
1777	199.3
1777	213.7
1777	231.1
1778	241.4
1778	247.4
1778	253.2
1778	260.5
1778	264.3
1778	260.9
1778	252.9
1778	252.5
1778	255.3
1778	254.2
1778	247.3
1778	236.4
1779	231.7
1779	229.1
1779	222.9
1779	216.5
1779	211.7
1779	209.5
1779	206.8
1779	199.
1779	192.9
1779	188.
1779	182.3
1779	178.2
1780	172.5
1780	166.7
1780	163.7
1780	159.2
1780	152.2
1780	144.9
1780	143.3
1780	143.7
1780	139.
1780	134.
1780	131.9
1780	132.4
1781	132.2
1781	130.
1781	125.6
1781	119.2
1781	116.3
1781	115.1
1781	110.4
1781	104.7
1781	101.
1781	98.
1781	92.6
1781	85.
1782	78.3
1782	74.2
1782	71.5
1782	70.
1782	67.3
1782	64.5
1782	62.3
1782	60.6
1782	59.9
1782	58.3
1782	55.3
1782	52.2
1783	51.
1783	49.
1783	46.2
1783	44.1
1783	41.9
1783	39.4
1783	37.
1783	33.8
1783	30.6
1783	28.2
1783	25.7
1783	23.4
1784	20.5
1784	18.
1784	16.7
1784	16.2
1784	16.3
1784	16.7
1784	16.5
1784	16.
1784	15.9
1784	16.2
1784	17.6
1784	19.8
1785	23.1
1785	25.9
1785	28.1
1785	32.4
1785	36.7
1785	39.2
1785	42.3
1785	47.2
1785	52.6
1785	60.1
1785	69.9
1785	77.2
1786	82.7
1786	90.8
1786	101.1
1786	111.2
1786	121.
1786	132.2
1786	144.9
1786	155.7
1786	162.5
1786	168.2
1786	174.
1786	179.8
1787	185.7
1787	192.1
1787	198.6
1787	204.9
1787	209.8
1787	215.8
1787	220.3
1787	222.1
1787	227.6
1787	230.2
1787	227.4
1787	229.7
1788	234.4
1788	235.3
1788	234.1
1788	231.9
1788	227.6
1788	221.3
1788	216.5
1788	214.6
1788	212.7
1788	212.1
1788	213.8
1788	212.2
1789	208.1
1789	204.1
1789	199.8
1789	194.2
1789	193.3
1789	196.4
1789	196.1
1789	195.5
1789	194.
1789	190.3
1789	186.1
1789	182.
1790	176.7
1790	172.3
1790	168.7
1790	166.
1790	162.
1790	154.1
1790	147.7
1790	141.1
1790	135.
1790	132.2
1790	129.7
1790	126.5
1791	124.8
1791	121.9
1791	118.1
1791	115.7
1791	113.1
1791	111.5
1791	109.9
1791	109.1
1791	108.4
1791	107.6
1791	106.7
1791	105.6
1792	103.7
1792	103.1
1792	103.7
1792	103.
1792	102.2
1792	100.8
1792	99.9
1792	99.2
1792	98.
1792	95.9
1792	93.7
1792	92.3
1793	91.9
1793	90.1
1793	85.5
1793	82.2
1793	80.5
1793	78.9
1793	77.4
1793	75.9
1793	73.9
1793	71.
1793	69.5
1793	69.1
1794	67.8
1794	67.9
1794	67.7
1794	65.6
1794	65.9
1794	67.9
1794	66.7
1794	64.8
1794	62.7
1794	60.3
1794	57.9
1794	54.5
1795	50.8
1795	47.9
1795	47.1
1795	46.6
1795	43.
1795	37.8
1795	35.5
1795	34.4
1795	33.5
1795	34.6
1795	34.9
1795	33.4
1796	33.7
1796	33.
1796	31.6
1796	31.4
1796	29.6
1796	27.6
1796	26.2
1796	24.3
1796	22.1
1796	19.4
1796	16.5
1796	15.9
1797	14.6
1797	13.3
1797	12.8
1797	11.6
1797	11.1
1797	10.8
1797	9.8
1797	8.9
1797	9.5
1797	9.9
1797	9.2
1797	7.9
1798	6.8
1798	6.3
1798	5.9
1798	5.3
1798	5.4
1798	6.3
1798	6.7
1798	7.3
1798	8.6
1798	9.7
1798	10.8
1798	12.1
1799	13.
1799	12.9
1799	12.5
1799	12.6
1799	12.1
1799	11.4
1799	11.6
1799	11.8
1799	11.
1799	9.9
1799	9.1
1799	9.8
1800	12.
1800	14.6
1800	16.8
1800	18.1
1800	19.2
1800	21.9
1800	25.5
1800	28.3
1800	30.8
1800	34.
1800	38.1
1800	40.5
1801	42.
1801	44.3
1801	47.1
1801	50.1
1801	53.5
1801	56.1
1801	58.1
1801	60.8
1801	62.8
1801	64.3
1801	65.9
1801	67.8
1802	69.7
1802	71.4
1802	73.4
1802	75.1
1802	75.2
1802	74.9
1802	75.2
1802	75.6
1802	75.1
1802	73.1
1802	72.
1802	71.3
1803	70.6
1803	69.5
1803	68.
1803	68.6
1803	70.9
1803	71.9
1803	71.4
1803	70.9
1803	72.
1803	75.1
1803	76.1
1803	75.3
1804	73.9
1804	73.3
1804	74.4
1804	75.5
1804	76.7
1804	78.3
1804	80.2
1804	81.
1804	80.9
1804	80.3
1804	79.8
1804	80.5
1805	81.5
1805	82.
1805	81.4
1805	78.5
1805	74.8
1805	71.9
1805	68.9
1805	66.3
1805	64.
1805	62.1
1805	60.5
1805	58.6
1806	57.
1806	55.4
1806	52.8
1806	51.2
1806	49.9
1806	47.8
1806	45.
1806	41.9
1806	39.1
1806	37.2
1806	35.8
1806	33.7
1807	31.6
1807	29.4
1807	27.1
1807	24.5
1807	21.6
1807	18.4
1807	15.9
1807	14.6
1807	13.4
1807	11.9
1807	11.3
1807	11.7
1808	11.4
1808	10.7
1808	10.8
1808	11.
1808	11.3
1808	12.7
1808	14.1
1808	14.9
1808	15.3
1808	14.7
1808	13.2
1808	12.
1809	11.1
1809	10.1
1809	8.8
1809	7.7
1809	6.7
1809	5.1
1809	3.7
1809	2.6
1809	1.9
1809	1.6
1809	1.3
1809	0.7
1810	0.1
1810	0.1
1810	0.
1810	0.
1810	0.
1810	0.
1810	0.
1810	0.
1810	0.
1810	0.
1810	0.
1810	0.
1811	0.5
1811	0.9
1811	1.1
1811	1.7
1811	2.2
1811	2.3
1811	3.1
1811	4.1
1811	4.2
1811	4.3
1811	4.4
1811	4.5
1812	4.2
1812	4.9
1812	6.1
1812	6.2
1812	6.5
1812	7.6
1812	7.5
1812	7.3
1812	7.9
1812	9.2
1812	10.6
1812	11.6
1813	13.6
1813	14.3
1813	14.5
1813	16.9
1813	19.1
1813	20.
1813	21.9
1813	23.5
1813	23.9
1813	24.7
1813	25.2
1813	25.5
1814	25.7
1814	25.3
1814	24.4
1814	23.3
1814	22.6
1814	22.8
1814	23.
1814	24.2
1814	27.
1814	29.
1814	29.8
1814	33.
1815	37.
1815	41.3
1815	46.
1815	48.6
1815	51.2
1815	55.9
1815	59.5
1815	62.5
1815	68.4
1815	73.6
1815	77.8
1815	79.4
1816	78.8
1816	77.3
1816	76.8
1816	79.5
1816	81.2
1816	78.8
1816	77.1
1816	77.
1816	77.8
1816	77.1
1816	73.3
1816	71.4
1817	71.9
1817	74.2
1817	75.
1817	72.1
1817	69.3
1817	68.5
1817	68.3
1817	65.8
1817	58.4
1817	54.
1817	56.8
1817	58.8
1818	57.
1818	54.6
1818	52.9
1818	52.6
1818	51.7
1818	50.3
1818	50.
1818	49.7
1818	48.1
1818	45.6
1818	42.3
1818	39.9
1819	40.
1819	39.9
1819	38.7
1819	37.6
1819	38.3
1819	39.6
1819	39.
1819	38.5
1819	38.9
1819	38.9
1819	39.6
1819	38.6
1820	36.1
1820	35.3
1820	34.6
1820	32.7
1820	30.2
1820	27.5
1820	26.2
1820	24.8
1820	23.3
1820	22.7
1820	20.
1820	17.5
1821	15.6
1821	12.9
1821	11.4
1821	12.
1821	12.5
1821	11.6
1821	9.5
1821	7.8
1821	8.3
1821	9.3
1821	9.5
1821	9.8
1822	10.4
1822	10.6
1822	10.1
1822	8.5
1822	6.9
1822	6.6
1822	6.6
1822	6.5
1822	5.4
1822	3.4
1822	2.4
1822	1.9
1823	1.
1823	0.3
1823	0.2
1823	0.2
1823	0.2
1823	1.6
1823	4.5
1823	6.7
1823	7.4
1823	8.7
1823	10.3
1823	10.5
1824	10.4
1824	10.5
1824	12.
1824	15.2
1824	17.
1824	15.6
1824	13.1
1824	12.3
1824	14.2
1824	14.6
1824	14.4
1824	16.4
1825	19.6
1825	23.4
1825	24.8
1825	23.8
1825	23.9
1825	26.2
1825	28.6
1825	29.6
1825	30.8
1825	33.2
1825	35.8
1825	38.4
1826	41.4
1826	43.9
1826	45.1
1826	47.8
1826	52.1
1826	57.2
1826	61.6
1826	64.8
1826	68.3
1826	71.3
1826	74.5
1826	77.5
1827	78.2
1827	78.5
1827	81.6
1827	84.1
1827	85.
1827	84.1
1827	83.8
1827	86.3
1827	88.
1827	89.5
1827	92.9
1827	98.
1828	101.7
1828	104.1
1828	105.8
1828	105.7
1828	106.2
1828	106.9
1828	106.3
1828	104.6
1828	104.
1828	106.9
1828	107.7
1828	104.5
1829	105.4
1829	108.
1829	108.3
1829	108.6
1829	109.5
1829	110.9
1829	112.3
1829	114.5
1829	116.9
1829	118.5
1829	119.2
1829	118.6
1830	114.7
1830	109.5
1830	108.3
1830	110.9
1830	113.7
1830	116.4
1830	117.9
1830	116.
1830	115.1
1830	112.1
1830	106.6
1830	102.4
1831	100.3
1831	100.7
1831	99.3
1831	95.
1831	89.7
1831	83.4
1831	78.6
1831	77.8
1831	75.5
1831	70.9
1831	69.2
1831	69.
1832	66.4
1832	61.
1832	55.7
1832	51.9
1832	48.1
1832	46.
1832	44.5
1832	40.3
1832	34.5
1832	29.8
1832	26.2
1832	22.4
1833	20.1
1833	19.4
1833	19.5
1833	18.7
1833	17.2
1833	15.4
1833	13.8
1833	13.5
1833	13.2
1833	12.6
1833	12.2
1833	12.4
1834	13.
1834	13.
1834	12.9
1834	14.1
1834	17.
1834	20.4
1834	22.3
1834	22.9
1834	24.4
1834	29.7
1834	36.2
1834	40.4
1835	45.7
1835	53.1
1835	63.1
1835	74.2
1835	83.9
1835	91.7
1835	100.4
1835	111.8
1835	123.
1835	134.1
1835	144.5
1835	155.6
1836	165.9
1836	173.2
1836	176.2
1836	178.7
1836	183.1
1836	193.5
1836	209.3
1836	221.
1836	228.2
1836	230.4
1836	230.1
1836	232.4
1837	237.9
1837	243.
1837	244.9
1837	244.
1837	242.1
1837	235.8
1837	227.5
1837	218.2
1837	212.3
1837	211.9
1837	212.9
1837	210.3
1838	202.1
1838	194.5
1838	189.1
1838	185.3
1838	180.9
1838	175.4
1838	169.2
1838	167.7
1838	164.6
1838	155.7
1838	145.4
1838	136.8
1839	132.4
1839	134.4
1839	142.1
1839	146.2
1839	145.6
1839	143.9
1839	141.1
1839	138.4
1839	136.7
1839	136.3
1839	137.6
1839	138.3
1840	136.2
1840	129.4
1840	120.2
1840	113.6
1840	110.1
1840	108.4
1840	103.8
1840	95.8
1840	89.1
1840	84.7
1840	82.8
1840	83.2
1841	81.6
1841	78.2
1841	74.4
1841	69.9
1841	65.7
1841	62.2
1841	61.
1841	60.2
1841	59.
1841	57.6
1841	53.7
1841	48.3
1842	44.6
1842	42.4
1842	40.3
1842	39.7
1842	41.8
1842	41.8
1842	39.8
1842	38.
1842	35.8
1842	33.7
1842	32.2
1842	31.3
1843	30.4
1843	29.1
1843	27.1
1843	23.8
1843	20.1
1843	18.2
1843	17.6
1843	18.1
1843	19.3
1843	20.4
1843	20.5
1843	19.4
1844	19.7
1844	21.4
1844	22.4
1844	23.7
1844	24.3
1844	24.3
1844	26.
1844	29.2
1844	33.3
1844	37.9
1844	42.9
1844	47.3
1845	49.9
1845	51.1
1845	53.3
1845	56.2
1845	59.5
1845	64.1
1845	67.7
1845	69.1
1845	71.
1845	73.3
1845	75.
1845	78.2
1846	81.7
1846	84.4
1846	91.3
1846	97.8
1846	100.3
1846	102.1
1846	104.2
1846	105.4
1846	106.5
1846	106.3
1846	105.7
1846	108.2
1847	110.
1847	116.4
1847	126.1
1847	138.4
1847	152.5
1847	161.
1847	170.8
1847	182.1
1847	188.4
1847	194.3
1847	200.5
1847	205.4
1848	214.5
1848	219.9
1848	215.2
1848	207.6
1848	202.6
1848	204.4
1848	209.2
1848	213.3
1848	216.
1848	216.7
1848	216.7
1848	213.4
1849	207.4
1849	200.1
1849	196.7
1849	193.6
1849	189.9
1849	186.4
1849	176.8
1849	167.2
1849	162.7
1849	157.
1849	150.9
1849	148.5
1850	144.6
1850	141.
1850	139.9
1850	139.3
1850	135.7
1850	129.4
1850	126.3
1850	127.4
1850	127.3
1850	126.8
1850	127.9
1850	127.4
1851	126.6
1851	126.1
1851	124.3
1851	122.2
1851	121.2
1851	121.7
1851	121.9
1851	118.3
1851	114.9
1851	115.4
1851	115.5
1851	113.6
1852	112.8
1852	111.8
1852	108.
1852	106.
1852	106.6
1852	104.8
1852	100.6
1852	96.6
1852	92.9
1852	89.6
1852	86.6
1852	84.5
1853	84.2
1853	85.4
1853	85.9
1853	83.6
1853	79.6
1853	75.9
1853	72.1
1853	68.3
1853	65.1
1853	62.1
1853	59.6
1853	57.3
1854	53.6
1854	48.7
1854	45.1
1854	41.9
1854	39.5
1854	39.3
1854	38.9
1854	38.
1854	37.
1854	35.
1854	32.1
1854	29.6
1855	26.9
1855	24.5
1855	21.7
1855	19.7
1855	17.5
1855	14.2
1855	11.8
1855	10.3
1855	8.5
1855	7.3
1855	6.7
1855	6.
1856	6.3
1856	6.9
1856	7.5
1856	7.4
1856	7.3
1856	7.9
1856	9.3
1856	10.5
1856	11.1
1856	11.8
1856	14.5
1856	17.6
1857	19.8
1857	22.1
1857	26.
1857	31.8
1857	36.6
1857	40.8
1857	45.2
1857	49.4
1857	55.7
1857	62.
1857	65.1
1857	68.4
1858	73.4
1858	79.1
1858	85.2
1858	92.2
1858	97.8
1858	101.8
1858	107.6
1858	115.3
1858	122.1
1858	128.5
1858	136.1
1858	143.4
1859	149.8
1859	157.
1859	163.1
1859	167.
1859	172.4
1859	177.1
1859	178.1
1859	178.1
1859	178.8
1859	178.4
1859	178.5
1859	181.5
1860	185.
1860	186.2
1860	184.6
1860	181.5
1860	179.7
1860	180.9
1860	180.4
1860	178.
1860	177.3
1860	179.6
1860	177.8
1860	172.2
1861	167.5
1861	163.
1861	160.6
1861	157.9
1861	152.6
1861	147.8
1861	146.7
1861	145.7
1861	140.1
1861	132.
1861	129.1
1861	129.4
1862	128.7
1862	126.7
1862	124.1
1862	121.
1862	118.8
1862	115.4
1862	111.1
1862	109.3
1862	110.5
1862	111.3
1862	109.4
1862	105.1
1863	98.5
1863	94.1
1863	89.4
1863	85.7
1863	84.5
1863	83.5
1863	84.3
1863	84.3
1863	83.5
1863	83.1
1863	81.7
1863	82.
1864	85.1
1864	87.4
1864	88.5
1864	88.5
1864	89.6
1864	90.2
1864	88.5
1864	87.1
1864	84.4
1864	81.8
1864	80.8
1864	78.4
1865	74.3
1865	70.7
1865	68.8
1865	66.9
1865	63.
1865	59.1
1865	56.5
1865	55.1
1865	53.8
1865	51.7
1865	49.1
1865	46.
1866	43.3
1866	39.9
1866	36.8
1866	35.4
1866	34.
1866	31.9
1866	28.5
1866	23.
1866	18.8
1866	16.6
1866	14.8
1866	12.8
1867	11.3
1867	10.3
1867	9.9
1867	10.
1867	10.
1867	11.9
1867	14.9
1867	17.
1867	19.1
1867	22.4
1867	26.2
1867	29.8
1868	33.5
1868	37.1
1868	41.6
1868	47.3
1868	53.9
1868	60.
1868	65.8
1868	72.1
1868	77.
1868	79.1
1868	84.8
1868	95.5
1869	103.
1869	108.2
1869	113.7
1869	115.9
1869	117.
1869	120.9
1869	124.6
1869	129.5
1869	140.7
1869	156.2
1869	169.5
1869	176.4
1870	183.4
1870	193.6
1870	202.6
1870	212.5
1870	223.4
1870	230.
1870	232.5
1870	234.
1870	233.7
1870	232.9
1870	231.
1870	225.8
1871	220.7
1871	215.6
1871	208.7
1871	200.8
1871	193.9
1871	188.2
1871	184.9
1871	183.9
1871	179.7
1871	171.8
1871	164.9
1871	163.6
1872	165.
1872	164.
1872	165.2
1872	168.5
1872	169.9
1872	169.9
1872	170.
1872	169.6
1872	169.3
1872	168.2
1872	162.3
1872	153.6
1873	146.4
1873	142.
1873	135.6
1873	127.1
1873	119.3
1873	112.9
1873	108.7
1873	103.9
1873	97.4
1873	90.7
1873	87.4
1873	86.7
1874	86.3
1874	85.9
1874	84.1
1874	81.9
1874	79.2
1874	75.9
1874	71.3
1874	65.2
1874	61.3
1874	60.2
1874	57.7
1874	54.4
1875	49.6
1875	42.5
1875	37.5
1875	34.2
1875	31.9
1875	29.8
1875	28.4
1875	27.9
1875	27.3
1875	25.2
1875	22.9
1875	20.9
1876	19.5
1876	19.3
1876	19.4
1876	20.1
1876	19.6
1876	19.
1876	19.5
1876	19.8
1876	18.1
1876	17.7
1876	19.8
1876	21.8
1877	22.
1877	21.2
1877	21.5
1877	21.4
1877	21.2
1877	21.1
1877	19.2
1877	17.6
1877	17.2
1877	15.8
1877	13.6
1877	12.
1878	11.
1878	10.2
1878	8.9
1878	7.8
1878	6.7
1878	5.9
1878	5.6
1878	5.
1878	4.
1878	3.9
1878	4.1
1878	3.7
1879	4.1
1879	5.4
1879	6.2
1879	7.
1879	8.4
1879	9.5
1879	11.6
1879	15.1
1879	18.3
1879	20.5
1879	22.9
1879	26.4
1880	29.4
1880	33.
1880	39.8
1880	46.1
1880	49.4
1880	52.2
1880	54.6
1880	57.3
1880	61.3
1880	65.8
1880	69.4
1880	72.6
1881	78.3
1881	82.8
1881	82.6
1881	83.2
1881	86.4
1881	89.3
1881	91.1
1881	92.8
1881	95.1
1881	99.2
1881	103.7
1881	104.1
1882	100.8
1882	97.4
1882	96.5
1882	96.4
1882	98.1
1882	99.8
1882	100.5
1882	100.
1882	96.7
1882	94.1
1882	90.9
1882	90.8
1883	95.4
1883	98.2
1883	98.2
1883	99.6
1883	101.3
1883	103.7
1883	108.2
1883	113.1
1883	119.
1883	121.7
1883	123.7
1883	124.4
1884	120.8
1884	119.5
1884	120.9
1884	119.
1884	113.2
1884	107.8
1884	102.5
1884	98.
1884	94.4
1884	90.3
1884	89.3
1884	92.
1885	95.1
1885	95.7
1885	93.7
1885	91.6
1885	90.5
1885	88.4
1885	85.7
1885	81.6
1885	79.
1885	78.7
1885	75.
1885	68.2
1886	61.7
1886	56.9
1886	53.3
1886	50.
1886	45.7
1886	43.
1886	41.
1886	38.8
1886	34.2
1886	28.
1886	24.7
1886	23.1
1887	21.9
1887	21.7
1887	21.
1887	19.9
1887	20.2
1887	21.2
1887	21.9
1887	21.7
1887	21.5
1887	21.6
1887	20.6
1887	19.1
1888	17.1
1888	14.4
1888	13.2
1888	13.
1888	12.9
1888	12.2
1888	10.4
1888	9.7
1888	9.7
1888	9.5
1888	9.2
1888	8.8
1889	9.2
1889	10.9
1889	12.
1889	11.8
1889	11.1
1889	10.4
1889	10.7
1889	10.5
1889	9.8
1889	9.5
1889	9.5
1889	9.3
1890	9.1
1890	8.4
1890	8.3
1890	9.7
1890	10.9
1890	11.7
1890	12.3
1890	14.4
1890	16.2
1890	17.9
1890	21.7
1890	27.5
1891	34.1
1891	39.
1891	43.3
1891	48.7
1891	53.7
1891	57.7
1891	63.2
1891	70.8
1891	77.3
1891	83.5
1891	89.5
1891	94.2
1892	97.4
1892	103.3
1892	108.7
1892	110.6
1892	113.6
1892	118.4
1892	122.
1892	122.2
1892	123.1
1892	125.5
1892	127.2
1892	128.5
1893	130.2
1893	133.
1893	136.
1893	137.7
1893	139.
1893	140.8
1893	142.4
1893	143.8
1893	143.6
1893	142.3
1893	142.9
1893	144.7
1894	146.5
1894	143.7
1894	138.7
1894	137.6
1894	136.
1894	132.4
1894	128.6
1894	126.
1894	125.4
1894	125.7
1894	123.
1894	118.8
1895	112.8
1895	108.7
1895	108.
1895	106.9
1895	105.8
1895	105.9
1895	104.2
1895	101.2
1895	99.9
1895	96.9
1895	91.9
1895	87.5
1896	85.8
1896	82.7
1896	80.1
1896	77.6
1896	74.2
1896	71.7
1896	70.5
1896	69.4
1896	65.8
1896	63.4
1896	62.
1896	58.8
1897	55.
1897	53.4
1897	52.1
1897	50.2
1897	47.1
1897	44.4
1897	43.1
1897	42.8
1897	44.
1897	43.5
1897	42.7
1897	43.9
1898	43.3
1898	42.7
1898	42.4
1898	42.9
1898	45.8
1898	46.
1898	43.8
1898	41.2
1898	37.9
1898	36.4
1898	35.2
1898	33.8
1899	34.
1899	32.3
1899	28.5
1899	25.2
1899	22.1
1899	20.3
1899	19.5
1899	19.1
1899	18.8
1899	18.2
1899	18.9
1899	18.8
1900	17.9
1900	17.6
1900	17.7
1900	17.7
1900	17.5
1900	16.5
1900	15.2
1900	13.7
1900	12.7
1900	11.3
1900	9.8
1900	9.
1901	8.1
1901	7.3
1901	6.5
1901	5.4
1901	4.7
1901	4.6
1901	5.
1901	5.2
1901	5.5
1901	6.1
1901	5.6
1901	4.8
1902	4.5
1902	4.6
1902	5.2
1902	6.5
1902	7.8
1902	8.4
1902	8.6
1902	10.
1902	11.3
1902	13.1
1902	15.8
1902	17.6
1903	20.5
1903	24.2
1903	26.3
1903	28.1
1903	32.1
1903	37.6
1903	42.3
1903	44.4
1903	46.6
1903	49.4
1903	52.3
1903	55.8
1904	59.1
1904	62.7
1904	66.1
1904	68.5
1904	69.1
1904	69.3
1904	71.5
1904	77.4
1904	83.
1904	84.1
1904	84.4
1904	85.5
1905	87.6
1905	89.1
1905	90.9
1905	94.4
1905	100.9
1905	105.7
1905	105.1
1905	100.7
1905	97.5
1905	99.1
1905	100.9
1905	102.6
1906	105.7
1906	107.1
1906	106.4
1906	102.2
1906	93.2
1906	89.1
1906	91.9
1906	99.4
1906	104.5
1906	104.
1906	102.8
1906	100.2
1907	94.9
1907	91.6
1907	94.
1907	99.4
1907	104.2
1907	104.6
1907	100.8
1907	93.1
1907	85.7
1907	83.8
1907	84.
1907	84.4
1908	84.3
1908	86.1
1908	88.7
1908	86.6
1908	83.1
1908	81.5
1908	82.2
1908	84.3
1908	87.8
1908	88.6
1908	86.5
1908	84.4
1909	82.4
1909	77.4
1909	69.4
1909	67.9
1909	70.4
1909	72.1
1909	71.
1909	67.9
1909	63.7
1909	58.9
1909	56.3
1909	54.6
1910	52.4
1910	50.1
1910	48.4
1910	46.2
1910	41.2
1910	34.4
1910	29.4
1910	26.2
1910	23.7
1910	23.3
1910	23.
1910	21.4
1911	20.
1911	18.7
1911	16.6
1911	12.6
1911	10.1
1911	9.8
1911	9.3
1911	8.5
1911	7.7
1911	6.6
1911	5.5
1911	5.3
1912	5.4
1912	5.1
1912	5.2
1912	5.7
1912	5.6
1912	5.7
1912	6.1
1912	6.5
1912	6.4
1912	5.8
1912	5.2
1912	4.7
1913	4.3
1913	4.2
1913	3.6
1913	2.9
1913	2.8
1913	2.6
1913	2.5
1913	2.5
1913	2.6
1913	4.
1913	5.5
1913	6.6
1914	7.7
1914	8.5
1914	9.8
1914	10.9
1914	12.4
1914	14.8
1914	17.5
1914	21.6
1914	26.8
1914	31.
1914	34.6
1914	40.5
1915	49.1
1915	58.
1915	64.8
1915	70.5
1915	75.5
1915	78.1
1915	80.5
1915	83.
1915	85.8
1915	89.9
1915	94.9
1915	97.7
1916	96.4
1916	92.7
1916	90.
1916	89.5
1916	91.
1916	93.9
1916	97.2
1916	100.4
1916	103.4
1916	105.6
1916	108.5
1916	114.6
1917	122.4
1917	135.3
1917	149.5
1917	156.8
1917	160.4
1917	167.9
1917	174.7
1917	175.7
1917	173.6
1917	172.5
1917	170.3
1917	163.8
1918	159.1
1918	154.6
1918	147.5
1918	145.
1918	145.
1918	139.2
1918	131.
1918	128.6
1918	129.2
1918	126.9
1918	125.7
1918	130.
1919	130.6
1919	125.4
1919	121.4
1919	117.4
1919	112.3
1919	107.7
1919	106.2
1919	104.6
1919	103.1
1919	100.8
1919	94.4
1919	85.6
1920	78.
1920	71.9
1920	67.2
1920	65.7
1920	64.4
1920	63.1
1920	61.3
1920	58.2
1920	53.4
1920	51.6
1920	52.1
1920	51.
1921	51.6
1921	52.9
1921	51.8
1921	48.3
1921	45.5
1921	44.2
1921	42.2
1921	40.7
1921	42.5
1921	42.9
1921	40.5
1921	37.6
1922	33.5
1922	30.2
1922	28.2
1922	26.4
1922	24.9
1922	24.
1922	23.2
1922	21.
1922	15.7
1922	11.8
1922	11.1
1922	11.
1923	10.7
1923	9.8
1923	10.
1923	10.9
1923	11.5
1923	10.7
1923	9.4
1923	9.4
1923	9.5
1923	9.8
1923	11.3
1923	13.6
1924	16.3
1924	19.3
1924	21.5
1924	23.3
1924	25.1
1924	26.9
1924	28.2
1924	29.8
1924	32.2
1924	34.7
1924	37.7
1924	40.8
1925	43.2
1925	45.2
1925	48.9
1925	54.4
1925	59.9
1925	68.2
1925	78.5
1925	86.3
1925	92.6
1925	96.2
1925	98.2
1925	101.4
1926	104.2
1926	106.8
1926	108.5
1926	108.7
1926	109.
1926	107.8
1926	107.2
1926	109.4
1926	111.6
1926	115.9
1926	120.7
1926	120.8
1927	120.
1927	119.6
1927	119.6
1927	119.5
1927	119.4
1927	117.5
1927	115.2
1927	114.
1927	113.7
1927	113.9
1927	112.9
1927	115.
1928	120.2
1928	125.3
1928	128.9
1928	130.2
1928	128.9
1928	128.7
1928	128.7
1928	126.9
1928	123.7
1928	119.4
1928	116.1
1928	113.5
1929	110.2
1929	107.
1929	101.9
1929	97.5
1929	99.2
1929	104.7
1929	107.9
1929	106.7
1929	104.7
1929	102.7
1929	100.2
1929	95.7
1930	89.3
1930	83.2
1930	80.2
1930	78.6
1930	74.1
1930	65.2
1930	56.
1930	52.
1930	51.2
1930	50.4
1930	49.
1930	47.2
1931	46.
1931	44.9
1931	43.1
1931	40.5
1931	37.7
1931	35.9
1931	35.2
1931	32.8
1931	29.2
1931	26.5
1931	24.6
1931	24.7
1932	24.6
1932	23.6
1932	22.1
1932	21.
1932	20.2
1932	19.
1932	18.6
1932	19.4
1932	20.1
1932	19.5
1932	17.9
1932	15.7
1933	14.
1933	13.1
1933	12.7
1933	12.4
1933	11.5
1933	10.2
1933	8.8
1933	7.2
1933	5.8
1933	6.
1933	7.7
1933	9.
1934	9.5
1934	10.5
1934	11.
1934	11.1
1934	11.9
1934	13.5
1934	15.6
1934	17.5
1934	19.7
1934	21.1
1934	21.7
1934	24.9
1935	29.3
1935	32.6
1935	36.7
1935	42.7
1935	49.8
1935	56.9
1935	63.1
1935	69.9
1935	77.4
1935	85.5
1935	91.8
1935	95.3
1936	98.3
1936	103.5
1936	109.8
1936	114.7
1936	120.7
1936	128.6
1936	137.7
1936	146.3
1936	150.5
1936	153.4
1936	160.1
1936	168.6
1937	179.2
1937	189.2
1937	194.4
1937	198.6
1937	198.3
1937	193.
1937	188.3
1937	185.2
1937	184.8
1937	184.4
1937	184.6
1937	183.
1938	182.2
1938	182.1
1938	179.8
1938	177.2
1938	178.7
1938	182.3
1938	181.4
1938	177.2
1938	172.8
1938	171.8
1938	171.8
1938	171.4
1939	166.9
1939	161.5
1939	162.4
1939	163.3
1939	158.8
1939	151.5
1939	145.9
1939	142.6
1939	142.6
1939	140.6
1939	132.7
1939	127.1
1940	123.8
1940	121.7
1940	118.5
1940	113.
1940	110.
1940	111.1
1940	112.6
1940	111.3
1940	107.7
1940	103.2
1940	99.5
1940	96.1
1941	94.4
1941	91.2
1941	88.
1941	87.3
1941	85.3
1941	81.6
1941	78.5
1941	78.3
1941	79.4
1941	81.9
1941	83.6
1941	79.9
1942	73.1
1942	67.
1942	60.8
1942	55.5
1942	53.1
1942	51.8
1942	49.4
1942	46.2
1942	42.6
1942	38.4
1942	35.2
1942	34.2
1943	33.6
1943	33.2
1943	32.7
1943	31.4
1943	29.2
1943	27.5
1943	26.6
1943	24.
1943	20.9
1943	18.
1943	15.4
1943	14.4
1944	13.6
1944	12.9
1944	13.
1944	13.9
1944	14.6
1944	15.3
1944	17.
1944	18.9
1944	20.4
1944	23.4
1944	27.5
1944	31.7
1945	36.4
1945	39.7
1945	41.7
1945	46.8
1945	52.8
1945	55.2
1945	57.1
1945	64.3
1945	73.2
1945	80.1
1945	86.9
1945	93.2
1946	101.
1946	111.7
1946	121.5
1946	128.
1946	135.7
1946	147.7
1946	157.7
1946	163.1
1946	167.3
1946	173.3
1946	182.8
1946	193.4
1947	199.2
1947	204.1
1947	211.2
1947	217.2
1947	218.7
1947	216.1
1947	214.1
1947	210.9
1947	206.
1947	206.3
1947	207.1
1947	205.7
1948	205.
1948	202.3
1948	198.9
1948	195.7
1948	192.2
1948	191.6
1948	193.5
1948	199.8
1948	209.1
1948	210.3
1948	203.8
1948	197.1
1949	193.4
1949	190.4
1949	188.5
1949	188.4
1949	190.9
1949	192.5
1949	190.3
1949	184.1
1949	176.1
1949	171.4
1949	169.4
1949	167.1
1950	162.8
1950	158.5
1950	150.7
1950	141.
1950	131.6
1950	122.6
1950	116.4
1950	111.9
1950	106.7
1950	102.3
1950	101.2
1950	102.4
1951	101.6
1951	98.5
1951	98.9
1951	100.2
1951	99.5
1951	98.9
1951	97.3
1951	94.
1951	89.8
1951	84.
1951	75.3
1951	66.5
1952	61.5
1952	59.8
1952	56.2
1952	51.4
1952	48.
1952	45.5
1952	44.
1952	42.1
1952	40.3
1952	39.5
1952	38.8
1952	37.3
1953	34.6
1953	31.
1953	28.6
1953	27.2
1953	25.
1953	22.
1953	18.5
1953	16.7
1953	16.6
1953	15.1
1953	12.8
1953	10.8
1954	9.3
1954	8.2
1954	6.3
1954	5.1
1954	5.5
1954	6.3
1954	7.9
1954	10.5
1954	11.4
1954	11.6
1954	13.8
1954	17.4
1955	20.5
1955	23.7
1955	28.
1955	33.5
1955	41.2
1955	50.
1955	57.
1955	66.
1955	78.8
1955	91.3
1955	103.5
1955	114.8
1956	125.8
1956	139.4
1956	154.7
1956	168.1
1956	180.4
1956	193.9
1956	206.1
1956	211.8
1956	214.5
1956	220.6
1956	226.
1956	232.7
1957	241.1
1957	243.8
1957	246.8
1957	256.3
1957	262.7
1957	266.1
1957	271.1
1957	275.3
1957	279.3
1957	282.5
1957	284.4
1957	283.3
1958	281.8
1958	284.5
1958	285.
1958	278.7
1958	271.
1958	264.5
1958	262.3
1958	261.9
1958	260.3
1958	258.1
1958	255.9
1958	255.6
1959	252.9
1959	250.4
1959	247.1
1959	239.7
1959	233.9
1959	228.5
1959	220.6
1959	214.2
1959	207.1
1959	199.7
1959	194.2
1959	187.6
1960	182.5
1960	177.
1960	172.1
1960	169.4
1960	165.7
1960	161.3
1960	153.8
1960	145.
1960	138.6
1960	132.1
1960	124.5
1960	118.5
1961	113.6
1961	105.9
1961	97.5
1961	91.1
1961	85.1
1961	79.1
1961	75.3
1961	74.4
1961	74.3
1961	73.
1961	71.7
1961	69.1
1962	64.2
1962	59.4
1962	56.7
1962	56.1
1962	55.9
1962	54.6
1962	52.5
1962	49.8
1962	46.7
1962	44.
1962	42.9
1962	42.6
1963	42.1
1963	42.6
1963	42.6
1963	41.6
1963	41.1
1963	40.4
1963	39.7
1963	39.
1963	38.6
1963	37.4
1963	34.2
1963	30.7
1964	28.1
1964	25.7
1964	22.3
1964	18.6
1964	16.
1964	15.
1964	15.2
1964	15.1
1964	14.6
1964	14.3
1964	15.
1964	16.2
1965	17.2
1965	17.7
1965	18.4
1965	19.9
1965	21.2
1965	21.8
1965	22.6
1965	23.8
1965	25.2
1965	28.4
1965	32.1
1965	35.2
1966	39.7
1966	44.8
1966	49.2
1966	53.3
1966	57.9
1966	63.4
1966	71.4
1966	80.3
1966	89.5
1966	95.8
1966	99.4
1966	103.
1967	106.2
1967	111.6
1967	116.5
1967	119.8
1967	123.9
1967	129.4
1967	133.3
1967	135.
1967	134.9
1967	134.5
1967	137.6
1967	142.5
1968	145.3
1968	145.7
1968	148.2
1968	151.8
1968	152.4
1968	150.9
1968	148.9
1968	148.4
1968	151.5
1968	155.5
1968	156.6
1968	156.
1969	155.7
1969	155.1
1969	152.9
1969	150.7
1969	150.4
1969	150.1
1969	149.9
1969	150.7
1969	149.2
1969	147.4
1969	148.
1969	148.5
1970	149.5
1970	150.1
1970	150.3
1970	150.3
1970	149.8
1970	149.1
1970	147.
1970	143.
1970	137.6
1970	132.9
1970	126.5
1970	119.
1971	113.8
1971	110.1
1971	105.3
1971	100.4
1971	96.5
1971	94.5
1971	92.7
1971	91.5
1971	93.2
1971	93.8
1971	94.7
1971	98.3
1972	100.3
1972	100.9
1972	102.6
1972	104.
1972	103.3
1972	99.9
1972	96.6
1972	92.9
1972	88.2
1972	85.9
1972	83.3
1972	78.2
1973	72.3
1973	66.1
1973	62.8
1973	60.8
1973	57.9
1973	55.6
1973	53.4
1973	51.4
1973	49.
1973	46.6
1973	45.4
1973	45.
1974	46.8
1974	49.1
1974	48.5
1974	48.3
1974	49.4
1974	49.3
1974	48.6
1974	47.3
1974	45.8
1974	43.2
1974	39.3
1974	36.1
1975	33.
1975	31.8
1975	30.6
1975	26.8
1975	24.2
1975	23.2
1975	21.8
1975	20.7
1975	20.9
1975	22.3
1975	23.3
1975	23.6
1976	22.1
1976	19.2
1976	17.8
1976	18.4
1976	18.3
1976	17.9
1976	18.8
1976	20.5
1976	20.8
1976	19.7
1976	19.7
1976	21.6
1977	24.3
1977	26.3
1977	28.8
1977	31.9
1977	34.7
1977	37.7
1977	41.4
1977	47.6
1977	55.8
1977	64.8
1977	73.7
1977	80.7
1978	86.9
1978	91.5
1978	98.7
1978	109.
1978	117.8
1978	126.6
1978	138.
1978	147.3
1978	153.6
1978	157.3
1978	160.4
1978	166.7
1979	175.2
1979	185.4
1979	193.3
1979	199.9
1979	208.5
1979	216.7
1979	219.5
1979	220.1
1979	220.4
1979	223.4
1979	229.8
1979	232.9
1980	232.
1980	230.2
1980	227.9
1980	224.6
1980	221.3
1980	219.1
1980	216.1
1980	212.
1980	211.5
1980	211.9
1980	209.1
1980	202.8
1981	199.6
1981	202.2
1981	205.4
1981	205.7
1981	204.1
1981	200.9
1981	198.5
1981	199.9
1981	202.7
1981	201.4
1981	196.
1981	194.1
1982	192.7
1982	186.6
1982	180.
1982	173.4
1982	167.5
1982	164.
1982	161.5
1982	153.5
1982	141.4
1982	133.3
1982	131.3
1982	130.5
1983	127.9
1983	123.9
1983	117.1
1983	110.5
1983	104.5
1983	95.9
1983	89.1
1983	88.9
1983	91.7
1983	92.
1983	89.7
1983	85.5
1984	80.5
1984	75.8
1984	71.2
1984	66.8
1984	63.5
1984	61.7
1984	58.3
1984	52.2
1984	44.3
1984	37.2
1984	31.6
1984	27.4
1985	25.2
1985	23.5
1985	21.7
1985	21.3
1985	21.4
1985	20.8
1985	19.9
1985	19.6
1985	19.8
1985	19.7
1985	19.1
1985	17.3
1986	15.2
1986	14.3
1986	14.3
1986	15.1
1986	15.8
1986	15.2
1986	15.1
1986	14.4
1986	13.5
1986	14.7
1986	16.6
1986	18.3
1987	19.9
1987	22.3
1987	25.5
1987	28.
1987	30.3
1987	32.7
1987	36.2
1987	40.5
1987	45.3
1987	51.
1987	55.1
1987	60.9
1988	69.2
1988	76.9
1988	84.9
1988	93.
1988	101.4
1988	114.3
1988	128.5
1988	141.1
1988	151.2
1988	156.9
1988	164.4
1988	176.1
1989	184.8
1989	190.7
1989	198.
1989	203.8
1989	209.5
1989	212.1
1989	212.
1989	211.1
1989	210.5
1989	212.4
1989	212.5
1989	206.2
1990	201.2
1990	202.4
1990	200.9
1990	198.1
1990	195.1
1990	192.
1990	190.1
1990	191.6
1990	194.6
1990	195.2
1990	195.2
1990	197.8
1991	202.8
1991	204.4
1991	203.9
1991	203.8
1991	202.9
1991	202.8
1991	203.5
1991	203.3
1991	200.9
1991	196.7
1991	191.4
1991	183.1
1992	172.6
1992	161.1
1992	151.8
1992	146.
1992	142.1
1992	137.1
1992	128.5
1992	119.3
1992	113.
1992	109.
1992	106.3
1992	104.5
1993	101.9
1993	99.3
1993	95.4
1993	90.2
1993	84.2
1993	78.6
1993	76.5
1993	73.6
1993	68.3
1993	63.2
1993	58.4
1993	55.1
1994	52.6
1994	50.2
1994	49.4
1994	49.6
1994	48.7
1994	46.4
1994	42.7
1994	40.1
1994	39.7
1994	39.4
1994	38.7
1994	37.6
1995	35.6
1995	33.7
1995	32.
1995	29.4
1995	27.3
1995	25.9
1995	24.4
1995	22.
1995	19.
1995	17.
1995	15.9
1995	15.1
1996	14.5
1996	14.2
1996	13.7
1996	12.
1996	11.2
1996	11.6
1996	11.3
1996	11.2
1996	11.3
1996	12.
1996	13.4
1996	14.3
1997	14.5
1997	15.2
1997	18.3
1997	22.
1997	24.4
1997	27.2
1997	30.4
1997	33.6
1997	38.2
1997	43.1
1997	47.1
1997	52.
1998	58.4
1998	65.4
1998	72.
1998	76.9
1998	80.8
1998	85.4
1998	89.8
1998	93.5
1998	96.4
1998	98.2
1998	102.3
1998	110.4
1999	118.4
1999	122.5
1999	122.3
1999	125.
1999	132.6
1999	136.3
1999	138.1
1999	142.9
1999	150.5
1999	159.3
1999	164.1
1999	164.
2000	166.1
2000	170.6
2000	174.3
2000	175.2
2000	172.9
2000	172.7
2000	174.2
2000	172.8
2000	168.8
2000	165.3
2000	163.1
2000	162.7
2001	158.3
2001	152.5
2001	155.1
2001	160.7
2001	163.7
2001	167.4
2001	172.
2001	175.8
2001	177.1
2001	177.3
2001	180.3
2001	179.1
2002	177.6
2002	179.7
2002	178.2
2002	174.4
2002	171.3
2002	166.9
2002	161.5
2002	155.4
2002	149.5
2002	143.9
2002	136.
2002	131.4
2003	129.6
2003	125.7
2003	118.7
2003	111.9
2003	107.
2003	101.7
2003	96.
2003	92.9
2003	91.8
2003	89.1
2003	86.9
2003	84.1
2004	80.1
2004	76.4
2004	73.2
2004	71.
2004	69.5
2004	67.1
2004	64.8
2004	63.
2004	60.2
2004	57.9
2004	56.6
2004	55.7
2005	54.5
2005	53.2
2005	52.3
2005	49.3
2005	45.
2005	44.5
2005	44.6
2005	41.9
2005	39.4
2005	38.9
2005	38.4
2005	36.
2006	33.
2006	29.7
2006	27.4
2006	27.
2006	27.4
2006	26.2
2006	25.
2006	25.9
2006	26.
2006	23.7
2006	21.1
2006	20.2
2007	19.8
2007	19.
2007	17.7
2007	16.4
2007	14.4
2007	12.8
2007	11.6
2007	9.9
2007	9.6
2007	9.9
2007	9.2
2007	7.9
2008	6.6
2008	5.6
2008	5.1
2008	5.1
2008	5.4
2008	4.8
2008	4.
2008	3.8
2008	3.2
2008	2.4
2008	2.3
2008	2.2
2009	2.5
2009	2.7
2009	2.9
2009	3.3
2009	3.5
2009	4.1
2009	5.5
2009	7.4
2009	9.5
2009	10.9
2009	11.7
2009	12.7
2010	14.
2010	16.1
2010	18.5
2010	20.8
2010	23.1
2010	24.6
2010	25.2
2010	26.4
2010	29.5
2010	34.5
2010	39.1
2010	42.5
2011	45.7
2011	48.8
2011	53.8
2011	61.1
2011	69.3
2011	77.2
2011	83.6
2011	86.3
2011	86.6
2011	87.4
2011	89.4
2011	92.5
2012	95.5
2012	98.1
2012	98.3
2012	95.1
2012	90.9
2012	86.6
2012	84.5
2012	85.1
2012	85.3
2012	85.8
2012	87.7
2012	88.1
2013	86.8
2013	86.1
2013	84.4
2013	84.3
2013	87.
2013	90.9
2013	94.6
2013	99.
2013	104.6
2013	107.
2013	106.9
2013	107.6
2014	109.3
2014	110.5
2014	114.3
2014	116.4
2014	115.
2014	114.1
2014	112.6
2014	108.3
2014	101.9
2014	97.3
2014	94.7
2014	92.2
2015	89.3
2015	86.1
2015	82.1
2015	78.9
2015	76.1
2015	72.1
2015	68.3
2015	66.4
2015	65.9
2015	64.3
2015	61.2
2015	57.8
2016	54.4
2016	52.5
2016	50.4
2016	47.8
2016	44.8
2016	41.5
2016	38.5
2016	36.
2016	33.2
2016	31.5
2016	29.9
2016	28.5
2017	27.8
2017	26.5
2017	25.7
2017	24.8
2017	23.3
2017	22.2
2017	21.
2017	19.6
2017	18.3
2017	16.7
2017	15.4
2017	15.1
2018	14.2
2018	12.6
2018	9.9
2018	7.8
2018	7.5
2018	7.2
2018	7.
2018	6.7
2018	6.5
2018	6.8
2018	6.7
2018	6.
2019	5.4
2019	5.
2019	4.6
2019	4.3
2019	3.9
2019	3.7
2019	3.5
2019	3.4
2019	3.1
2019	2.6
2019	2.
2019	1.8
2020	2.2
2020	2.7
2020	3.
2020	3.6
2020	5.6
2020	7.9
2020	9.
2020	9.5
2020	10.5
2020	11.9
2020	13.6
2020	15.3
2021	17.3
2021	19.
2021	21.7
2021	24.8
2021	25.8
2021	27.6
2021	31.4
2021	35.4
2021	40.2
2021	45.2
2021	50.8
2021	55.9
2022	60.1
2022	64.7
2022	68.7
2022	73.
2022	77.4
2022	81.1
2022	86.7
2022	92.6
2022	96.5
2022	98.9
2022	101.2
2022	106.7
2023	113.3
2023	117.8
2023	121.1
2023	122.9
2023	124.2
2023	125.3
2023	124.6
2023	124.3
2023	124.
2023	124.8
2023	127.9
2023	129.5
2024	131.1
2024	136.9
2024	141.4
2024	144.4
2024	-1.
2024	-1.
2024	-1.
2024	-1.
2024	-1.
2024	-1.
